001000000001000000000000001000000100000000101000010000000000100000000000000000000001000100000001000010000000010110101001100010100000000000001010000010000000001000100000000000000000000000000000000000000001010011100110111100100011000000001000100110111011101000
000000000000000100100001001010110110110010101000000000101010001110000010001101100100011100000001000011000000000000100000111001100000010000000010000001110000010001111001001000000000010010000100010011011100000100100111101001110000000000000001000100000100011100
010000000000000100110001101001010110001011001101001100001100010010000001100000100101110111010000000001001011010010001101100010100000000001101100000000000110010110010110010000000000000000000010001110110000000011000001111110100000000000001110101000000000110101
000000000000011100000000011000001111100110011010010011001100001110100001000000011111011110010000100000000001010100101100101101000110100110001110000000111100000100111100000000000000001000110110000100001000111110110011111100000000000100001100111000000100011101
011000101001000100000010001010100110001010010110010110110000110000000101011000100001011100010010001000000110100010000000110110000000101000101000000011110001011111010010110100001100000011001101011111101101000100100110111100100011000000010001100010111111011000
001111101011000000000010011011100001101110100011010010100010111100000101110101100101011100010010001100101010000110111011011101100010100000111111111011110010001111000100100011111111111101111001100100000001010011000000000001000011001001010001100110111011101100
110111101110001101000100001000000110110000010100100101101111001110000100011100011011010101111100000110110101001110110001111111000010010001011010000001110101101010111101001011111111111110111001111101101111111110110001111110100000110111101101101100011100100000
110000010100011111111011001000010110001010110000100101101111001111110111111000111111111100011111011110110000101111100010001010010000011000000010111101111111010110111100000111111111001001111001100010111110000100110111111111000011111110011100101000000000001101
000000101000000100000000000000000010001000010000000110010000000000000000000000001000000000000000000000100000000000001000000000000000000000000001100000000000000010000001100100000000000100000100000000001000000100000000000000000000000000000000000000000000000000
000000000010000000000000000000000000110000000011000000000000000000000000001000010000000000010000000000000000000000010001100001000000000000000000000000000000000100000101011000000000000010001001000111010010000000000000010100000000000000000000000000011000100000
000100000000000000000000000000000000000001000001101000100000010000000111010000000010000000100010001001010010000100001100000000000000000000101001100000000010000000001010010100000000000000001101110000000000010001000110000001010011001000010000000000000100001001
110011101100000001111001110000010001010101000111011010000000000000000010010101100000000001101110011100101000001001001101100100000000000001000000000000000000000010000011001011111111100000000000000001010110101000000100000011011111111011100000000000000000000000
010000101000000000000010000010100000001010111110000100110000010000000101011000101001011000010001001010000110100100101000010100000000001000101001010001110111110110110010110100001100000111001101011111100000010011000110010100100011000000011000100100011100111000
001111101001000100100011010011010111111100001000010010001100110010000110111000110001011000000001000111101010000110001001100111100010110000111101111010000011001010111001101011111111101111111101100111011111010111100111111001110011001001010001100110100111111000
101011101111001001110111100000100000111011011001101001000011011100000011111100111100100010001110000011011110001000111100011101100010010001011111010001110011100000100011011011111111111100110110000011011110101101100000000001000000110111110011000110111100001101
001111111011001010000010110001110001011101101111111110100011110000001000111101100000100010000001100110001001110110011101100110010110101111001001111111000011111010000001001100000000100001000110000011000000111010000000000000100000000001100001010010111011110010
011000101001000000000010000010100100010010000110011000100000110000000101011000100001011000010000001000100110110110000001110110100000001000101010000011110011111100010011011000001100100011001101011111101001010010000110111100100011000000011001100110111111011000
001111101001000000000010000011110001011110101000010010100110111100000110110100100101011000000001000110101010000110100001011110100010100000111111111011110010011111111001111011111111110101001001110000001011010111100111111001110011001001010001100110111111111100
101100000111001001110111000000100001110111110001011101000011001100000000111100111100000001001110001010010101011010110001111111100010010001110111111001110001110010100011011100000000111100110100101101011110101110100000000011110000110110110011000100011100101100
001111111011001010011010100001110001001110110110110111100011111100001000111100000000100011100001000110001000110110110001001010010110101110000111111111111011110100000010010100000000001001110010011111001000010110100000000011000011110011100000010000000000010010
000000101000000100000010000010000011010111000101001010100000110000000001011000100001011000010000001000100110100110101000110110100000001000101011111001100110100110100001001000000000111010111101000011010101101001000110110100100011000000011001100110111000001000
000011101010000100000000000010110110110010100011000000100110011100000100110100100000011000010000000100101010000010111000111111100010110000101011111010000011000111010111011011001100011010110000010111011010100111100000111101100000001001010001000100011100111100
001111101001001001000010000001100001111101110011011011100001011100000101011100001110100010100010001010011101000110101100110111100010010001111101111001110000011010001011111111111111101111110100001100001101100111100110000011000011001101110010000010100000001100
111100000111001001110011000001100001100110011110010011000011110000001011111000000000100011101111011110101001101111111101101011000010101101001111111011000001101110100010010011111111001001110000111111101001111101100100000011111011111011100001010010111011100010
011000000001000000000010001010000111010111001101011000100000100000000100000000101000011100010010001000000110010100101000010000100000100000101011111000000100000101100001001000001100111110110000010100011000111111100110010100100011000000001001100110111011101000
000000000010000000100000001000000110100000000011000000001110011110000011001001010100000100000010001101000000000010111011110101100010000000011010000000000010000010111010010011110011100000001001000000001101000000100111111101100011000000000001000100011100001000
110100000100001101110111001001010111011100110110010111001100001110000010100100101111110111111100000111101010001100100100010000100010000000001101111000000111010100010101101100000000000100001001110011110010011000010111111101000011111000001110101000000100011101
001011111001010110001000101000111110110001000001001000001101111111111100100101011111111111110000100000010000000001001110101111000000010010000100000010000101001000011111011000000000100000001111010010010111010011010011111111101000000100011100111010100111101111
011000000001000000000000000000000100001000011000010100010000000000000100001000001000000000000011000010000000010000000001000000000000100000000000000000000000000000000000100100001100000000000000010100100000010010000000101000000000000000010000000000000011000000
000011101000000000100001010000000000000000001000000000001000001110000011101100010100000000000011001011000000000000101000000000000000000000010010000000110000000000001000000000110011100000000100100000000101000000000111000000010011001001000000000000000000000100
100000000100000000110101100000000000000000001000100100000000000000000000100000010000000001001100000100100000011000000101000000100000000000000000000000000001000100000000000000000000000000000010000011010010001000010000000010110000110110100000000000000000100001
000000010000000010001000010000001000010001000001001000000000001100000100000001100000000010000000100000010000010000001100001000000100010110000100000000011000000000000001001000000000000000001101000000000000000010000000000000000000000000010000000000000000010000
000000101000000100000010000010100001011101011001001110010000110000000001011000101001011000000010000000100000010010101001110110100000100000100010000001110001111001010001101100000000111100111101010111111101111110100000100000000000000000011001000110100100010000
001111101001000100000011001011000110000010101000000000100110111000000111111101110001011100010011001011001010000110101011110110000000000000101111111010010001011101101110010000001100101010110100110101000111000011000000101000000000001001010000100010100011100100
001011101011001000000010100000100001101100100010110010100011011100000111111100110100000010000010001101110111000110110001111101100000010001110110000001110001101110101010110111111111101011111111110001111001110110110110000010000011001101110011000110111000100101
111111111111011101110011101001111110010011010101001001001111110011111110011101111111111111111101110110111000111111110110101010010110111101000101111111101110111000111111011011111111101001111001011101011111000111110111111111111111111111111101111010111111111111
001000000000000000000000000010100010000000101000000000000000110000000000001000100000011100000001000010000000110100101001000010100000001000101011111000010110010000110000010000000000000101000000001000101001000101100000100000000000000000011001100110100011100000
001111101011000100000011010001000001111110101011010000100010101000000000101101100001011100010001000011101000000100010000010001100000110000000100000001000000001001010101001000001100011000110100100010011000100100100111010100110011001001000001000100011100100100
010111101010001000100100101001010000000001001101001000000011000000000010100000000011100010100010000000001000010110010101001010000000000000101111111000000100111000110010010011111111010100000110111100100100010001000001111111000000110100101110101010100100111000
000000010000001001110010011000011001100100001010010111000010001100000001010100011111100000000010111000001001110101000101000001010100001110001010000100011110010100111000000100000000100000000000100100110110111100000111111100011000001111101100111000000100011100
000000000000000000000000000000000000000100000000000000000000000000000000000000000000000000000011000000100010000000000000010000000000101000001000000001100001000001000000000000000000001000110000001100000100010000000000000000000000000000000000000000000000000000
000011101000000000000000000000000000100000000000000000000000010000000011000000000001000000000010001000000000000000010010000001100000100000000000111010000000000000011000000000000000000100000000010000000010000000000000010100100000000001000000100000000000000000
000100000010000000000000000001000000100001100001001000000000000000000000000000000010000000000000000110100001000100000000010001100010000001000001000000110100101100100000000000000000000011000000100010110001000000010000000000000000000000000001000100011100001000
110000000000000001100000000000000000000000000100000000000001001101010100110000000000000000000010100000010000000000101010000000000000110000000100111101000010010110000000000001010101000000001001111000100100000001000000000000000000000000010000000000000000010000
000000000000000000000000000000000000000000000000000000000000000000000000000000000000000000000000000000000000000000000000000000000000100000000000000000000000000001000000000000000000000000000000000000000100000000000000000000000000000000000000000000000000100000
000000000000000000000000000000000000000000000000000000000000000000000001001000000000000000000010000000000000000000000010000000000000000000000000000000000000000000000000000000000000000100000000000000000000000000000000000000000000000000000000000000000000000000
000000000000000000000000000000000000000000000000000000000000000000000000000000000000000000000000000100100000000000000000000000000000000000000000000000000000001000000000000000000000000010000000000000000000000000010000000000000000000000000000000000000000000000
000000000000000000000001010000000000010001000001001000000000000001010101000100011000000000000000011000000000000000000010000000000000000000000000000000000000000000000001001010101010000000001001100000100000100000000000000000100000001110010000000000000000100000
000000000000000000000000000000000000000100000000000000000000000000000000000000000000000000000011000000100010000000000000010000000000001000001000000001100001000001000000000000000000001000110000001100000000010000000000000000000000000000000000000000000000100000
000011101000000000000000000000000000100000000000000000000100010000000010001000000001000000000000001000000000000000010010000001100000000000000000111010000000010000011000000000000000000100000000010000000010000000000000010100100000000001000000100000000000000000
000100000010000000000010000001000000100001100001001000000000000000000000000000000010000000000000000010000001000100000000010001100000000001000001000000110100101100100000000000000000000011000000100010110001000000010000000000100000000000000001000100011100011000
010000000000000000000001010000000000010001000101001000000001111101011101110000011001000000000000111000010000000100100010000000000000110000001100111111000110011100110001001011111111000000001000011000000100100001000000000000000000001100010000101000000111110010
000000000000000000000000000000000000000100000000001000000000000000000000000000000000000000000011000000100010000000000000010000000000101000001000000001100001000000000000001000000000101000110000001100000000010000000000000000000000000000000000000000000000100000
000011101000000000000000000000000000100000000000000000000100010000000011001000000001000000000010001000000000000000010010000001100000100000000000111010000000010000011000000000000000000101000000010000000010000000000000010100100000000001000000100000000000000000
000100000010000000000010000001000000101001100001001000000000000000000000000000000010000000000000000110100001000100000000010001100010000001000001000000110100101100100000010000000000000011000000100010110001000000010000000000000000000000000001000100011100001000
000000000000000000000001010000000001000100100000010000000001111101001101100000000001000000000010111000010000000100101010000000000000110000001100111111000100010100110000000000000000000000000001011000000100100001000000000000000000001100010000000000000000110010
000000000000000000000000000000000000010101000001001000000000000000000000000000000000000000000010000000100010000000000000010000000000101000001000000000000000000001000000001000000000100000000000000100000000000000000000000000000000000000000000000000000000100000
000000000000000000000000000000000001000100000000000000000100010000000001001000000000000000000010001000000000000000000000000000000000100000000000000000000000010000000000000000000000000101000000010000000000000000000000000000000000000000000000000000000000000000
000000000000000000000010000000000000001000100000000000000000000000000000000000000000000000000000000110100000000000000000010000100010000000000000000000000000000000000010110000000000000111000000100010100001000000010000000000100000000000000000000000000000010000
110000000000000001100001010000000001010101100111011010000001111100011101110100011001000000000010011000010000000100101010000000000000110000001000000010000110001110110001001011111111000000001001010000000100100001000000000000100000001110010000101000000111110010
000000000000000000000000000000000000000100000000000000000000000000000000000000000000000000000010000000100000000000000000010000000000100000000000000001100001000000000000000000000000100000000000001000000000000000000000000000000000000000000000000000000000000000
000000000000000000000000000000000000100000000000000000000100010000000001001000000001000000000010001000000000000000010010000001100000000000000000111010000000000000010000000000000000000000000000010000000000000000000000010100100000000000000000100000000000000000
000100000010000000000000000001000000100000000000000000000000000000000000000000000010000000000000000100100000000100000000010001000000000000000001000000110100101100100000000000000000000101000000000000000001000000000000000000000000000000000001000100011100001000
110000000000000000000001000000000000000000000100000000000001110000011001000000000000000000000000001000010000000000100000000000000000110000000100111101000000010110000000000011111111000000001001000000000000000001000000000000100000000000000000000000000011010010
001000000001000000000000000000000100000000000000010000000000100000000000000000000000000000000000000000000000000010000000100010000000000000001001111010000100001000000000000000000000000000000000000000000000000000000000101000000000000000000000000010100011000000
000000000000000000000010000000100000100010100000000000100010001100000000000100000100000000000000000000000000000000100000011001100000000000000010000001110000000001000000000000000000010000000000000000000000000000000000000000000000000000000000000000000000000100
000000000000000000000000000000000000000000000000000100000000000000000000000000000000000001000000000000000000000010000001100010000000000000001001111000000000010010000000000000000000000000000000001100000000000010000000000010100000000000000000000000000000100000
000000000000000000000000000000000000100010010000000001000000001100000000000000000000000000000000000000000000000000100000001001000000000000000010000000111000000100000000000000000000001000110000000000001000000000100000000000000000000000000000000000000000000000
010000000000000000000000000000000000000010000100000000100000000000000000001000000000000000010000001000000100000000000000000000000000000000000000000000000000000100000000000000000000001010110000000000000000000000000000000000000000000000000000000000000000000000
000011101000000000000000000000000000000000000000000000000000000000000100100000000000000000000000000100001000000000000000000000000000000000000000000000000000000010000000000011000000000000000000000000000010000000000000000000000011001001010000000000000000000000
100000000100000001000000000000000000000000010000000001000000000000000000000000000000000000001000000000000001001000000000000000000010000000010000000000000000000000000000000000000000001000110000000000000000000000000000000000000000000100000000000000000000000000
000000000000000010000000000000000000000000000000000000000000000000000000000000000000000000000000000000000000000000000000000000000000001000000000000000000000000000000000000000000000000000000000001000000000000000000000000000000000000000000000000000000000000000
001000000001000000000010010010000101000000000000010000000000100000000100000001111000011000000000000010000000010100100000000000000001000000110010000000000000001000010000000000001100000000000000000000000000000001000000101000000000000000011101001110100011000000
010100000000010000000000000000100010000010000110000000001010001110000000001100000100000000010000000001000000000000010000001000000000000000000000000000000000010000100010010011110011000001000000000000000000000000000111010100100011000000000000000001011100010100
100011010010001000110001000101010000000000000000000001000000000000010000100000000010100011001100000000000000011000000000000000000000000000000100000000000000000000000000000000000000000000000000000000000000001000000000000011010000001111000010000000000000001000
000000000100100011001100100000001000000000000000000000000000000000000000000010000000000000100000000000000000000001000100000000010100000000100000000100001000000001000000000000000000000000000010000000000000000000001000000000001100110000100000010000000000000000
000000101000000000000000000100000000000000100000000000100000000000000001010000000001000000000000001100101011000000000000000100000000110001000000000000000010100010000000000000000000000110001001011111101100000010100000000000000000000000000000000000000000100000
010000101000000100000010000010000001111001010101001110000000000000000111001001111000000000010011000010101111100000000000000010000000111001100000000000000011110100001101101100001100001100111001111111110000110011000000000000000000000000010100001000000000000000
001011101001010000000000010000100000010011010001001000000100110000000100110000000000010000000001001010001001100010000000000000000011011001011000000010000011001010000001001011111111101111110000111000001011110110100000000000100000000001010000000011100011010000
110111101110010101000010000111000001010101001111111010111010001110010010101000011011011000011111011010111111011100111000010100000010001001010011000000000101000110111101001011111111111011110100101011111101101100100000010100000011111111100001101000011100001000
000000000000000000000000000000000000100000100000000000100000000000000001010000000001000000000000000000000010000000000000000100000000010000000000000000000000100000000000000000000000000110001001010111101100000010100000000000000000000000000000000000000000100000
010000101000000100000010000010000001000000000100000010000000000000000111001000100000000000010000000000101110000000000000000011000001101000100000000000000011010100001100000000001100101000111001110110100000110011000000000000000000000000010000000000000000000000
001011101001000000000000000000100000110011010001001000000100110000000100110000000000000000000001000010100001100010000000000001000010010001011000000010000010001010000001001011111111101101110000110000001011110110100000000000100000000001010000000010100011010010
100111101110010001000010000001000001010101000011011010100010001100000010101000011011011000001111011010101101001100111100010100000011001001000011000000000101000100111001001011111111111001110100101011111100100100100000010100000011111111100001101000011100001000
000000101000000000000000000010000000100000100000000000100000100000000000010000100001011000000000000100101000000000101000000000000000100000100010000000000010000010000000000000000000000100000000011000000100000000000000000000000000000000001001000110100000000000
000000000000000000000000000000000001110001000101001010000110000000000001001000111001010000010011000010000101000000000010000001000000000001000000000000000000110100000001001000001100001100110000011001110000000010000000000000000000000000000000100000000000000000
000011101000001000000000000110000000110011010001001000000000000000000000010000100000001010000000001000000000000100101000010101000011001001000100000000000001001010000001001011110011100001000000111000000011000000000000000000000000000001000011000100000000000010
010000000000011101000000000000000001000100001110010010101010110011001000001000000000111010010000001000000010010011000111101100010010000000011010000000000000000010000100000000000000001011110000000000000101001000000000000000001000000010000000010010100000000010
000000101000000000000000000010000000000000100000000000100000100000000001010000100001011000000000001100001011000000101000000000000000000000100010000000000010000000000000000000000000000100001001011111000100000000000000000000000000000000001001000110100000000000
010000000000000100000000000000000001010001000101001010000110000000000101001000111001010000010000000000010110100000000010000000000000010001000000000000000000010100000001001000001100101000110000011001110000000001000000000000000000000000010000100000000000000000
000011101000001000000000010010000000010011010001001000000000000000000000010000100000011010000000000010001000000100101000010101000011011001010100000000000001001010000001001011110011001011110000111000001011100100100000000000000000000001000011000100000000000010
100011101100011001000000000010000001000100000010010010100010110001011000101000000000111010001101001010010010001011000011101100010010100000011010000000000000000000000000000011111111001110110000000000000101001000000000000000001000001111000000010010100000000010
000000101000000000000000001000000000101000010000000100110000010000010011010000000001000000000001001100011111000010000011100000000000110000000001000010000100000001001100100100000000000110001001000011001000000000100000000000000000000000000000000000000000000000
000000101000000000000000000010000001101000011000000100000100000000000000001001100001010000000000000000011010000000000010000000000010011000100000000000000010100000000000100100000000101100000000001100000010000001000000000000000000000000000000100000000000000010
000010100000000000000000000110000000010001010001101000000001000001001000010000100000011000000000010011000011100000101010010100000010011000000000000000000000001000000001001000111100000110000000010000001000100100110000000000000000000001000001000100000000000011
000000000000011000000000000110000001000100000010110010010010110001101000101000010000011010000001100010011110000010000011100100000011101110001010000000000001000000000000000000000000111010110000000000000101000000000000000000000011110010100000000010100000000010
000000000000000000000000001100000001011101110001001100110000000000010010010000000001000000000001001000010000000010000011110100100000100001000001000011100111100011001101101100000000111110101001011100011100101001100000000000000000000000000000100000000000000000
000000101000000000000000000010000111011001011101001110000100010000000001001001101000000000010000000000000101000110010000000110000010000001101001111010000111010100010011111100001100001000110000010101110010000010000000111100100000000000000001000100011100000010
001111101011000000000010000001100001111111110011111010000100111101001000010100000110110000000000010001000010000010100010010101100001000001001000000010110001101110100001101111110000101101110000111000000011010000010000000001000000000001000000000010100011011101
001111101011010001000010000011100001000100000010110010110011111100111000001000010001011001100000101000010010000100110000010110000010000110010111111111000101011110110010010000000000110011000000011100000100000000000000000010100011110011000001101010111111100010
000000101000000000000000000100000000010101000000001000100000010000010001010000000001000000000001001000101110000000000011110100000000100001000000000001100001000001000101001000000000110110001001000000011100001000100000000000000000000000000000000000000000000000
010000100000000100000000000000000101011000011101001100000100010000000100001001111000000000010010000000000011000010000000100100000010001001000000000010000000100000000101101100001100001100000000010100010000000001000000101000000000000000010100001000000000000010
001010100001010000000010010000100001010101110001011010000101111101001000010100000100010000000000011011001010000010100010010000000011000000010000000010110000001100000001001011001111001110110000010000000000010000010000000000000000000001000000000011100011010101
111011000101010101000010000110100001000100000110110010011011111110111000101000000000011001011100110010110110001000100001110110000010000110010010000011000000001100000110010000000000111010000000011100000100000000000000000010100010101111100000000010100011100010
000000000000000000000010000000000001001000110001000100010000010000010110010000000001000000000000000000000101000000000011100100100000010000000001000000000100100011001000100100001100001110101001010100101000100001100000000000000000000000000000100000000000100000
010000101000000100000010000010000010001001010100000110000000000010000110001000100000000000010001000000101001000100010000000010000000001000111001111000000111010000011110110100111111001100111001110111100000010010000110010100100011000000010001000100011100000010
101111101011000000110000010001100000101010000010100000000101110001001100110000000010110000001101000001000011001010000010000001100001001001011000000010000011101010100000100111111111101111110100111000000001000010010000000001100000000001010000000010100011011001
110111101110010111001010000111000000010001000101101000111010001110110010001000011011011000111100010000101111001100111000010100000010001001010111111100000101010110111101001011111111110011000100001001011100100100100000010100000011111111100001101000011100001000
000000101000000000000000001100000001001101110001000100110000010000000011010000000001000000000001000100101011000010000000000000000000110001000000000010000000000000001001100100000000011010100000010011111100101011100000000000000000000000000000000000000000000000
010000000000000100000010000000000001100000001101000010000000000000000001001001111000000000010011000000000111100000000000100100000010110001000000000000000000010100000010010000001100001000110000110001100000110001000000000000000000000000000100001000000000000010
000011101000010000000000000000000000011011010011101010000101110000001000000000000110000000000000001010000001100000000000000100000010010001000000000000000000001010000001101111111111000101000000110000001011110100100000000000000000000001000000000011100011001100
100000000000010001000000000010000001000100000010010010100010000000000010100000000010011001100011101010001001000000101001110010000000000110000010000000000000000100001010000011111111111000110000100010110100000000000000010100000000001111100000000000000000001000
000000000000000000000000000000000001001101110001000100110000010000010000010000000001000000000000000000000110000000000011110100100000010000000000000011100111100001000000100100000000011110100000011100111100101011100000000000000000000000000000000000000000100000
010000101000000100000010000010000001100000001100000010000100010000000011001001100000000000010011000010101100100100010000000010000000111001101001111010000111110100011110000000001100001000111001111111110010110000000000000000000000000000000000000000000000000000
001111101011010000000010000001100000111011010011101010000101110001000100110000000000110000000001011011001011100010000010010001100010000001001000000010110010101010100001101011111111101101110000110000000011010010000000000000100000000001010000000011100011010000
111111101111010101000010000011100001010101000111011010101011111110101010101000011011011000011110011000111111001100111000010100000010001111000111111111000101011110111101001011111111111001110100101011111101101100100000010100000011111111100001101000011100001010
