01 111100?? 00100000001000
01 1111010? 00100000001000
01 1111?0?? 00100000000100
01 1111??0? 00100000000010
01 1111?0?0 00100000000001
01 1111?100 00100000000001
01 00001111 00100000000001
01 001??110 00100000000000
01 01100100 00100000000001
01 0110010? 00100000001000
01 0100???? 00000000011100
01 1111?11? 01000100011011
01 1??????? 00000000100000
01 00???0?? 01000101000000
01 1000???? 00000100000000
01 11000?0? 00000100000000
01 110100?? 01000100000000
01 11011??? 00000100000000
01 01100?1? 00000100000000
01 011010?1 00000100000100
01 1000101? 01000001000000
01 100011?1 00000010000000
01 10001100 00000010000000
01 00???00? 01000000000000
01 10000??? 01000000000100
01 11?0000? 01000001001110
01 100011?0 00001001000001
01 00???10? 01010000000000
01 1010???? 01010000000000
01 1110?1?? 01010000001111
01 011011?? 01000000000110
01 1010?11? 00000000001110
01 001??111 10000000001010
01 110101?? 10000000000000
01 1100011? 01000110000000
01 1000100? 01000111000000
00 00110111 00100000000110
00 11110011 00100000000101
00 11111011 00100000000100
00 01110110 00100000001011
00 00111111 00100000001010
00 01?????? 10000100000000
00 11???110 10000000000000
00 10?????? 10000100000000
00 00???10? 10000101001100
00 00???110 10000001000000
00 11101101 00100000000001
00 1101?011 10000000001111
00 00??1001 00000000001101
00 00100111 10000000001010
00 0011?010 10000000000000
00 000??010 10000000000000
00 000??111 10000000000000
11 0011???? 01010110000011
11 00100??? 10000000001010
01 000??111 00000000000001
11 0001???? 01000100000000
11 00101??? 01000110000000
01 10110??? 10000000000000