100000000000000000
000010010000000000
110010000100000000
000010010000000000
000010000000000000
000000100000000000
000011000011000110
001000000000000000
000000110011000110
000001000011000110
000000001110000111
000000111000111010
000010000000000000
000000111000111010
000000111000111010
000011000011000110
000000110011000110
000001000110000110
000000001110000111
000001000110000110
000001010110000111
010000000000000000
000000001110000111
000000001110000111
000001000011000110
000000001110000111
000000001110000111
000000111000111010
000011000010111010
000011000010111010
000000001110000111
000000001110000111
000010001110000111
000001111101101010
000001111101101010
000010111010000111
000010111101101010
000010111101101010
010000000000000000
010000000000000000
000001010110000111
000001000110000110
000000001110000111
000000001110000111
100000000000000000
010000000000000000
010000000000000000
100100000000000000
000000000000000001
000000001110000111
000000010111111011
010000000000000000
000000010111111011
010000000000000000
000110101011101010
000000001110000111
000101011011101010
000000001110000111
000000010000000000
000010001110000111
000000010101011010
000110101011101010
000000001110000111
000000010101011010
000011001011101010
010000000000000000
000010101011101010
000010001110000111
000001011010000110
000011001011101010
001000000000000000
000011111000111010
000000001110000111
000000001110000111
000110101011101010
000001100001011010
000010001110000111
000001011000111010
000011011010000110
000110101011101010
000001011000111010
000000001110000111
000000001110000111
000000010111001010
000001111010000110
000001011000111010
000000111000101010
000101011011101010
000110101011101010
000110101011101010
000110101011101010
000101011011101010
000110101011101010
000010110010101010
000001011000111010
000001110010101010
000001011000111010
000001110111011010
000011100111001010
000001110111001010
000011011010000110
000000101010101010
000101011011101010
000001011000111010
000001011000111010
000010010010001010
000110101011101010
000110101011101010
000010001010001010
000001110111011010
000001011000111010
000001110111011010
000001011000111010
000001001001101010
000010101101001010
000001011000111010
000001101100101010
000001001001101010
000010111010000111
000001110110000110
000001001001101010
000011011101001010
000010111010000111
000010111010000111
000010111010000111
000000011101101010
000001110111011010
000010100110000111
000010111010000111
000010100111111010
000011001101011010
000001101100101010
000010100111111010
000001101100101010
000010111010000111
000010111010000111
000011011010000111
000011011010000111
000011001101101010
000010111011011010
000001101100101010
000001101100101010
000010111010000111
000010111010000111
000010111010000111
000010111010000111
000010111010000111
000010101111011010
000000000000000000
000000000000000000
000000000000000000
000000000000000000
000000000000000000
000000000000000000
000000000000000000
000000000000000000
000000000000000000
000000000000000000
000000000000000000
000000000000000000
