000000100000
010000000000
110000000000
111000000000
000000100000
000000100000
010000000000
010000000010
001000000010
000000010000
011111100000
000111000000
100000100001
011100010000
000000100000
000000001000
010000000000
011101000000
001111000000
000000010010
000000010010
010111000000
100000000111
000010100000
000111010000
001101000000
100000001001
000000100101
000000000010
010000000000
100000001001
000101000010
100000001001
101100000000
001100000110
001100000110
001100010100
101000000110
100000010010
101101000000
000111000001
010000000000
100111000000
101100000100
100111010001
100000000101
100111010101
000111011001
100000000011
100000000101
000110000000
001100010100
100000000000
001100010100
101011000000
100010000001
100000010001
101100000000
100000010001
100111000000
100111010001
100000000000
100000010001
001100000100
001100000100
100000000101
001101000000
100000000001
000000100000
000111011001
000101000100
101100000000
000000100000
001100000110
000000000001
100000000100
010110011101
010110010000
100000000100
000111000010
000010000000
101100000100
000010000000
100010010001
000101000100
100101000100
010000000000
010001011101
000000000100
000010000100
100000000111
000110000100
100110000100
110000000000
110000000000
000101010101
100110001001
101100010100
000100000000
000000000001
000100000000
000010000000
100010000000
100000000001
000010000000
100010000000
100000000001
000110010101
000001000100
100001000100
010000000000
000010010001
010000011001
000010010001
000110000000
000100000000
100100000000
000001010101
000100000000
100100000000
010000000000
100111010011
100000000000
011000000000
000110010001
100000000001
100000010001
000100010001
000100010001
011111010101
101100010010
010000000000
000010000000
100000000001
100000000000
010010011001
100111000000
100111010001
000111000000
110000000000
000010000000
000111011001
100000000000
000010000000
100000000100
100111000000
000000000100
100000001001
100000001001
000000000100
000000011001
100000000100
000000000100
100000000101
000010000000
000110000000
000110000000
100000000000
100000000100
100000010001
100000010001
000111000000
100000000100
100000000100
000111000100
100000000100
100000010001
100000000100
000000000000
000000000000
000000000000
000000000000
000000000000
000000000000
000000000000
000000000000
