?????0000010000? 00 000000000000 0000
?????10000100?0? 00 000000000000 0000
??????1000100000 00 000000000000 0000
???????1001000?0 00 000000000000 0000
???????010100000 00 000000000000 0000
?????0?1101000?0 00 000000000000 0000
??????0001100000 00 000000000000 0000
??????1001100?00 00 000000000000 0000
???????101100000 00 000000000000 0000
????????11100000 00 000000000000 0000
??????????11000? 00 000000000000 0000
?????000000010?0 00 000000000000 0000
?????1000000100? 00 000000000000 0000
?????0100000100? 00 000000000000 0000
?????11000001000 00 000000000000 0000
?????00100001?00 00 000000000000 0000
?????10100001000 00 000000000000 0000
??????1100001000 00 000000000000 0000
?????00010001000 00 000000000000 0000
?????100100010?0 00 000000000000 0000
??????1010001000 00 000000000000 0000
???????110001000 00 000000000000 0000
???????001001000 00 000000000000 0000
???????10100100? 00 000000000000 0000
????????11001000 00 000000000000 0000
0????00???101000 00 000000000000 0000
?????10???101000 00 000000000000 0000
??????1???101000 00 000000000000 0000
????1??1??11100? 00 000000000000 0000
?????0000?10010? 00 000000000000 0000
??????100010?100 00 000000000000 0000
???????10010?100 00 000000000000 0000
????????1?10010? 00 000000000000 0000
?????10?0110010? 00 000000000000 0000
?????0?10110010? 00 000000000000 0000
?????00000?01100 00 000000000000 0000
?????1??0?001100 00 000000000000 0000
0????01?0?001100 00 000000000000 0000
????????1?001100 00 000000000000 0000
?????00?01001100 00 000000000000 0000
?????100?0101100 00 000000000000 0000
?????0?01?101100 00 000000000000 0000
0????11010101100 00 000000000000 0000
?????0?110101100 00 000000000000 0000
0????1?110101100 00 000000000000 0000
???????001101100 00 000000000000 0000
???????1?1101100 00 000000000000 0000
0????1?011101100 00 000000000000 0000
???????0?0011100 00 000000000000 0000
???????100011100 00 000000000000 0000
???????11001110? 00 000000000000 0000
????????01011100 00 000000000000 0000
????????1101110? 00 000000000000 0000
?0??1?????111100 00 000000000000 0000
???????0?0100010 00 000000000000 0000
?????????1100010 00 000000000000 0000
????1??1??110010 00 000000000000 0000
?????10000001?10 00 000000000000 0000
??????1000001010 00 000000000000 0000
???????1?0001010 00 000000000000 0000
?????0?010001010 00 000000000000 0000
?????11010001?10 00 000000000000 0000
?????????1001010 00 000000000000 0000
0????000??10101? 00 000000000000 0000
?????01???101010 00 000000000000 0000
00???001??10101? 00 000000000000 0000
100??001??101010 00 000000000000 0000
?1???001??10101? 00 000000000000 0000
??????00??011010 00 000000000000 0000
00????10??011010 00 000000000000 0000
1?????10??011010 00 000000000000 0000
00?????1??011010 00 000000000000 0000
1??????1??011010 00 000000000000 0000
00????????111010 00 000000000000 0000
?????00?0?10?110 00 000000000000 0000
?????1??0?10?110 00 000000000000 0000
00???01?0?10?110 00 000000000000 0000
?1???01?0?10?110 00 000000000000 0000
????????1?10?110 00 000000000000 0000
???????0?0010110 00 000000000000 0000
???????100010110 00 000000000000 0000
???????11001?110 00 000000000000 0000
????????01010110 00 000000000000 0000
????????1101?110 00 000000000000 0000
?0??1?????110110 00 000000000000 0000
0????010??001110 00 000000000000 0000
?????1100?00111? 00 000000000000 0000
0????0010?00111? 00 000000000000 0000
0????1010000111? 00 000000000000 0000
0?????110?00111? 00 000000000000 0000
?????100100?1110 00 000000000000 0000
0??????11000111? 00 000000000000 0000
?????10?0100111? 00 000000000000 0000
?????1??11001110 00 000000000000 0000
0????0?11100111? 00 000000000000 0000
?????0?00?011110 00 000000000000 0000
0????10000011110 00 000000000000 0000
0????110?0011110 00 000000000000 0000
???????10?011110 00 000000000000 0000
?????0?010011110 00 000000000000 0000
0????1?001011110 00 000000000000 0000
??????100010?001 00 000000000000 0000
?????0?100100001 00 000000000000 0000
????????10100001 00 000000000000 0000
?????????1100001 00 000000000000 0000
?????00000?01001 00 000000000000 0000
?????110000010?1 00 000000000000 0000
??????0100001001 00 000000000000 0000
??????11000010?1 00 000000000000 0000
????????1?0010?1 00 000000000000 0000
???????001?01001 00 000000000000 0000
?????100?0101001 00 000000000000 0000
???????100101001 00 000000000000 0000
?????0?01?101001 00 000000000000 0000
0????11010101001 00 000000000000 0000
?????0?110101001 00 000000000000 0000
0????1?110101001 00 000000000000 0000
???????1?1101001 00 000000000000 0000
0????1?011101001 00 000000000000 0000
?????00000000101 00 000000000000 0000
?????1000000?101 00 000000000000 0000
??????1000000101 00 000000000000 0000
???????100?00101 00 000000000000 0000
????????10000101 00 000000000000 0000
?????????1000101 00 000000000000 0000
??????100?100101 00 000000000000 0000
0????0100?001101 00 000000000000 0000
?????110?0001101 00 000000000000 0000
0????0?10?001101 00 000000000000 0000
?????1?10?001101 00 000000000000 0000
?????00?1?001101 00 000000000000 0000
?????100100?1101 00 000000000000 0000
0????01?1?001101 00 000000000000 0000
?????1?110001101 00 000000000000 0000
?????1?0?1001101 00 000000000000 0000
?????1?1110011?1 00 000000000000 0000
0????000??101101 00 000000000000 0000
?????01???101101 00 000000000000 0000
00???001??101101 00 000000000000 0000
100??001??101101 00 000000000000 0000
?1???001??101101 00 000000000000 0000
?????0?00?011101 00 000000000000 0000
???????10?011101 00 000000000000 0000
?????0?010011101 00 000000000000 0000
00??1?????111101 00 000000000000 0000
?????00?0?100011 00 000000000000 0000
?????1??0?100011 00 000000000000 0000
00???01?0?100011 00 000000000000 0000
?1???01?0?100011 00 000000000000 0000
????????1?100011 00 000000000000 0000
?????010000?1011 00 000000000000 0000
??????1?01001011 00 000000000000 0000
?????10???101011 00 000000000000 0000
??????1???101011 00 000000000000 0000
?????0000?011011 00 000000000000 0000
?????10?0?011011 00 000000000000 0000
?????0?100011011 00 000000000000 0000
??????001?011011 00 000000000000 0000
?????01?10011011 00 000000000000 0000
?????01??1011011 00 000000000000 0000
?0??0?????111011 00 000000000000 0000
??????11??000111 00 000000000000 0000
0????000??100111 00 000000000000 0000
?????10???100111 00 000000000000 0000
??????1???100111 00 000000000000 0000
00???001??100111 00 000000000000 0000
?1???001??100111 00 000000000000 0000
?????100?0001111 00 000000000000 0000
0????0100??01111 00 000000000000 0000
0?????101?001111 00 000000000000 0000
0????10011001111 00 000000000000 0000
?????1????101111 00 000000000000 0000
0????0?10?101111 00 000000000000 0000
?????00?1?101111 00 000000000000 0000
0????01?1?101111 00 000000000000 0000
??????????010000 00 000000000000 0001
????11?1101000?0 00 000000111000 0111
1???100???101000 00 000000111000 0111
????111101100100 00 000000111000 0111
1???111010101100 00 000000111000 0111
1???11?011101100 00 000000111000 0111
1???1000??10101? 00 000000111000 0111
101?1001??101010 00 000000111000 0111
????11?100100001 00 000000111000 0111
1???111010101001 00 000000111000 0111
1???11?011101001 00 000000111000 0111
1???1000??101101 00 000000111000 0111
101?1001??101101 00 000000111000 0111
10??1001??101011 00 000000111000 0111
1???1000??100111 00 000000111000 0111
10??1001??100111 00 000000111000 0111
????10000?101111 00 000000111000 0111
1???10100?101111 00 000000111000 0111
1???10?10?101111 00 000000111000 0111
1???101?1?101111 00 000000111000 0111
01????10??011010 00 000001010101 1010
01?????1??011010 00 000001010101 1010
?????111??000110 00 000001011100 1010
1???11?110101100 00 000001011111 1011
1???11?110101001 00 000001011111 1011
?????1????101010 00 000001110110 1010
?????011??000010 00 000010101010 1010
1???010000011110 00 000011001100 0110
????010000011101 00 000011001100 0110
?????011??000110 00 000011100010 1010
1???011010101100 00 000011100011 1010
1???011010011110 00 000011100011 1010
1???011010101001 00 000011100011 1010
????011010011101 00 000011100011 1010
1???011001011110 00 000100001100 0110
????011001011101 00 000100001100 0110
?????00101011011 00 000100011000 0110
?????11101011011 00 000100011000 0110
????0?????01100? 00 000100100110 1010
????0?????010111 00 000100100110 1010
????0?????111111 00 000100100110 1010
10??101?0?10?110 00 000101011000 0111
10??101?0?100011 00 000101011000 0111
1????01?0?001100 00 000101100011 1010
?????0000?001101 00 000101100011 1010
1????0100?0011?1 00 000101100011 1010
1????0?10?001101 00 000101100011 1010
1????01?1?001101 00 000101100011 1010
?????000??001111 00 000101100011 1010
1????0010?001111 00 000101100011 1010
1????10100001111 00 000101100011 1010
1?????110?001111 00 000101100011 1010
1?????101?001111 00 000101100011 1010
1??????110001111 00 000101100011 1010
1????10011001111 00 000101100011 1010
1????0?111001111 00 000101100011 1010
?????10111011011 00 000110011000 0110
??????0???000100 00 000110110010 1010
??????10??000100 00 000110110010 1010
??????0???000?1? 00 000110110010 1010
??????10??000?1? 00 000110110010 1010
??????0?0?001011 00 000110110010 1010
?????111??000011 00 000111001010 1010
????0?????110111 00 000111011000 0110
?????011??000100 00 000111011100 1010
?????000??001110 00 000111011101 1010
1????010??001110 00 000111011101 1010
1????0010?001110 00 000111011101 1010
1????10100001110 00 000111011101 1010
1?????110?001110 00 000111011101 1010
1??????110001110 00 000111011101 1010
1????0?111001110 00 000111011101 1010
?????1100?011011 00 000111101000 0110
?????10110011011 00 000111101000 0110
1???010011101100 00 000111110110 1010
1???010011101001 00 000111110110 1010
?????1????000001 00 001000101000 1010
1???110000011110 00 001000111000 0111
1???1110?0011110 00 001000111000 0111
1???11?001011110 00 001000111000 0111
????110000011101 00 001000111000 0111
????1110?0011101 00 001000111000 0111
????11?001011101 00 001000111000 0111
?????0????000001 00 001001001000 1010
??????????010101 00 001010011000 0111
????0?????110100 00 001010011111 1010
????0??1??110010 00 001010011111 1010
?????011??000011 00 001010101010 1010
????01110110010? 00 001010101110 1010
?????0????000000 00 001010110100 1010
????0?????011111 00 001010111101 1010
?????111??000010 00 001011001010 1010
????1??0??111000 00 001011101000 0111
????0?????11110? 00 001011101000 0111
?1??1?????111100 00 001011101000 0111
????1??0??110010 00 001011101000 0111
????0?????11?110 00 001011101000 0111
?1??1?????110110 00 001011101000 0111
???????0??111001 00 001011101000 0111
????0??1??111001 00 001011101000 0111
????111101100101 00 001011101000 0111
???????0??110101 00 001011101000 0111
????0??1??110101 00 001011101000 0111
01??1?????111101 00 001011101000 0111
????0?????110011 00 001011101000 0111
????0??1??111000 00 001011101101 1010
????0??0??111000 00 001011101101 1111
1???011011101100 00 001011110110 1010
1???011011101001 00 001011110110 1010
????1?????011111 00 001011111101 1010
????0??0??110010 00 001011111111 1111
1???01?110101100 00 001100001011 1010
1???01?110101001 00 001100001011 1010
1???011000011110 00 001100001100 0110
????011000011101 00 001100001100 0110
?????00111011011 00 001100011000 0110
????01?110100000 00 001100101110 1010
????01?100100001 00 001100101110 1010
1?????????111010 00 001100110101 1010
?????1????101101 00 001100110110 1010
1???010001011110 00 001101001100 0110
????010001011101 00 001101001100 0110
?????11100011011 00 001101101000 0110
?????11?1?011011 00 001101101000 0110
?????00110011011 00 001101101000 0110
?1??0?????111011 00 001101101000 0111
????1?????111011 00 001101101000 0111
?????1????000000 00 001101110100 1010
?????111??000100 00 001110011100 1010
????01?110100010 00 001111100011 1010
1???0000??101000 00 010101101110 1010
10??0001??101000 00 010101101110 1010
10??001?0?100011 00 010101101110 1010
1???0000??101011 00 010101101110 1010
10??0001??101011 00 010101101110 1010
1???0000??101010 00 011010101110 1010
101?0001??101010 00 011010101110 1010
10??001?0?100110 00 011010101110 1010
1???0000??101101 00 011010101110 1010
101?0001??101101 00 011010101110 1010
1???0000??100111 00 011010101110 1010
10??0001??100111 00 011010101110 1010
????00000?101111 00 011010101110 1010
1???00100?101111 00 011010101110 1010
1???00?10?101111 00 011010101110 1010
1???001?1?101111 00 011010101110 1010
01????????111010 00 100000000000 0000
??????????010011 00 100000000000 0000
????1?????01100? 01 000000000000 0000
??????????010100 01 000000000000 0000
????1?????110100 01 000000000000 0000
????1?????111110 01 000000000000 0000
????1??1??110101 01 000000000000 0000
10??1?????111101 01 000000000000 0000
?0??1?????110011 01 000000000000 0000
????1?????010111 01 000000000000 0000
????1?????11?111 01 000000000000 0000
11??1?????111101 01 000110000101 1010
?1??1?????110011 01 001011101000 0111
??????????010001 10 010000000000 0000
10??001?0?101110 10 011010101110 1010
??????????010010 10 100000000000 0000
11??0001??101000 11 011101111110 1010
